!Material
ResourceType: Material
Name: hair_ps4_low
Flags: Bit0, Bit1, Bit2, Bit5, Bit6, Bit8, EnableLight2, Bit13, ReceiveShadow, CastShadow, HasAttributes, Bit17, HasDiffuseMap
AmbientColor:
  X: 0.60000002384185791
  Y: 0.60000002384185791
  Z: 0.60000002384185791
  W: 0
DiffuseColor: &o0
  X: 0.078431375324726105
  Y: 0.078431375324726105
  Z: 0.078431375324726105
  W: 1
SpecularColor: *o0
EmissiveColor:
  X: 0.0010000000474974513
  Y: 0.0010000000474974513
  Z: 0.0010000000474974513
  W: 0.0010000000474974513
Field40: 1
Field44: 0.10000000149011612
DrawMethod: Opaque
Field49: 1
Field4A: 0
Field4B: 1
Field4C: 0
Field4D: 1
Field90: 128
Field92: 4
Field94: 0
Field96: 0
Field5C: 2
Field6C: 4294967288
Field70: 4294967288
DisableBackfaceCulling: 0
Field98: 4294967295
DiffuseMap: &o1 !TextureMap
  ResourceType: TextureMap
  Name: c0001_t01_hair01_low.dds
  Field44: 0
  Field48: 1
  Field49: 1
  Field4A: 0
  Field4B: 0
  Field4C: 1
  Field50: -0
  Field54: 0
  Field58: 0
  Field5C: 0
  Field60: 1
  Field64: 0
  Field68: 0
  Field6C: 0
  Field70: 0
  Field74: 0
  Field78: 0
  Field7C: 0
  Field80: 0
  Field84: 0
  Field88: 0
  Version: 17846384
NormalMap: 
SpecularMap: 
ReflectionMap: 
HighlightMap: 
GlowMap: 
NightMap: 
DetailMap: 
ShadowMap: 
TextureMaps:
- *o1
- 
- 
- 
- 
- 
- 
- 
- 
Attributes:
- !MaterialAttributeType2
  Field0C: 0
  Field10: 0
  ResourceType: MaterialAttribute
  RawFlags: 65538
  Flags: Bit0
  AttributeType: Type2
  Version: 17846384
- !MaterialAttributeType0
  Color:
    X: 0.98039233684539795
    Y: 0.98039233684539795
    Z: 0.98039233684539795
    W: 0.39215686917304993
  Field1C: 0.60000002384185791
  Field20: 14
  Field24: 0.30000001192092896
  Field28: 0.5
  Field2C: 1.5
  Type0Flags: 69
  ResourceType: MaterialAttribute
  RawFlags: 65536
  Flags: Bit0
  AttributeType: Type0
  Version: 17846384
IsPresetMaterial: false
Version: 17846384
