!Material
ResourceType: Material
Name: clothes
Flags: Bit0, Bit1, Bit5, Bit8, EnableLight2, ReceiveShadow, CastShadow, HasAttributes, Bit17, HasDiffuseMap, HasShadowMap
AmbientColor:
  X: 0.70588237047195435
  Y: 0.70588237047195435
  Z: 0.70588237047195435
  W: 1
DiffuseColor:
  X: 0.078431375324726105
  Y: 0.078431375324726105
  Z: 0.078431375324726105
  W: 1
SpecularColor:
  X: 0.11764706671237946
  Y: 0.11764706671237946
  Z: 0.11764706671237946
  W: 1
EmissiveColor:
  X: 0
  Y: 0
  Z: 0
  W: 0
Field40: 1
Field44: 0
DrawMethod: Opaque
Field49: 1
Field4A: 0
Field4B: 1
Field4C: 0
Field4D: 1
Field90: 0
Field92: 4
Field94: 4
Field96: 0
Field5C: 2
Field6C: 4177526776
Field70: 4177526776
DisableBackfaceCulling: 0
Field98: 4294967295
DiffuseMap: &o0 !TextureMap
  ResourceType: TextureMap
  Name: p3_femc_sees_tex.dds
  Field44: 0
  Field48: 1
  Field49: 1
  Field4A: 0
  Field4B: 0
  Field4C: 1
  Field50: -0
  Field54: 0
  Field58: 0
  Field5C: 0
  Field60: 1
  Field64: 0
  Field68: 0
  Field6C: 0
  Field70: 0
  Field74: 0
  Field78: 0
  Field7C: 0
  Field80: 0
  Field84: 0
  Field88: 0
  Version: 17846384
NormalMap: 
SpecularMap: 
ReflectionMap: 
HighlightMap: 
GlowMap: 
NightMap: 
DetailMap: 
ShadowMap: &o1 !TextureMap
  ResourceType: TextureMap
  Name: black.dds
  Field44: 0
  Field48: 1
  Field49: 1
  Field4A: 0
  Field4B: 0
  Field4C: 1
  Field50: -0
  Field54: 0
  Field58: 0
  Field5C: 0
  Field60: 1
  Field64: 0
  Field68: 0
  Field6C: 0
  Field70: 0
  Field74: 0
  Field78: 0
  Field7C: 0
  Field80: 0
  Field84: 0
  Field88: 0
  Version: 17846384
TextureMaps:
- *o0
- 
- 
- 
- 
- 
- 
- 
- *o1
Attributes:
- !MaterialAttributeType0
  Color:
    X: 0.9803922176361084
    Y: 0.9803922176361084
    Z: 0.9803922176361084
    W: 0.19607844948768616
  Field1C: 0.80000001192092896
  Field20: 14
  Field24: 0.64999997615814209
  Field28: 0.5
  Field2C: 20
  Type0Flags: 68
  ResourceType: MaterialAttribute
  RawFlags: 65536
  Flags: Bit0
  AttributeType: Type0
  Version: 17846384
- !MaterialAttributeType2
  Field0C: 1
  Field10: 117
  ResourceType: MaterialAttribute
  RawFlags: 65538
  Flags: Bit0
  AttributeType: Type2
  Version: 17846384
IsPresetMaterial: false
Version: 17846384
