!Material
ResourceType: Material
Name: Face
Flags: Bit0, Bit1, Bit2, Bit5, Bit6, Bit8, EnableLight2, CastShadow, HasAttributes, Bit17, HasDiffuseMap, HasSpecularMap, HasHighlightMap, HasShadowMap
AmbientColor:
  X: 0.76078438758850098
  Y: 0.63137257099151611
  Z: 0.82352948188781738
  W: 0
DiffuseColor: &o0
  X: 0.078431375324726105
  Y: 0.078431375324726105
  Z: 0.078431375324726105
  W: 1
SpecularColor: *o0
EmissiveColor:
  X: 0.81568634510040283
  Y: 0.55294120311737061
  Z: 0.50980395078659058
  W: 10
Field40: 1
Field44: 0.10000000149011612
DrawMethod: Opaque
Field49: 1
Field4A: 0
Field4B: 1
Field4C: 0
Field4D: 1
Field90: 0
Field92: 4
Field94: 2
Field96: 0
Field5C: 2
Field6C: 4177497656
Field70: 4177497656
DisableBackfaceCulling: 1
Field98: 4294967295
DiffuseMap: &o1 !TextureMap
  ResourceType: TextureMap
  Name: pc005_face1.dds
  Field44: 0
  Field48: 1
  Field49: 1
  Field4A: 0
  Field4B: 0
  Field4C: 1
  Field50: -0
  Field54: 0
  Field58: 0
  Field5C: 0
  Field60: 1
  Field64: 0
  Field68: 0
  Field6C: 0
  Field70: 0
  Field74: 0
  Field78: 0
  Field7C: 0
  Field80: 0
  Field84: 0
  Field88: 0
  Version: 17846384
NormalMap: 
SpecularMap: &o2 !TextureMap
  ResourceType: TextureMap
  Name: black.dds
  Field44: 0
  Field48: 1
  Field49: 1
  Field4A: 0
  Field4B: 0
  Field4C: 1
  Field50: -0
  Field54: 0
  Field58: 0
  Field5C: 0
  Field60: 1
  Field64: 0
  Field68: 0
  Field6C: 0
  Field70: 0
  Field74: 0
  Field78: 0
  Field7C: 0
  Field80: 0
  Field84: 0
  Field88: 0
  Version: 17846384
ReflectionMap: 
HighlightMap: &o3 !TextureMap
  ResourceType: TextureMap
  Name: pc005_face1.dds
  Field44: 0
  Field48: 1
  Field49: 1
  Field4A: 0
  Field4B: 0
  Field4C: 1
  Field50: -0
  Field54: 0
  Field58: 0
  Field5C: 0
  Field60: 1
  Field64: 0
  Field68: 0
  Field6C: 0
  Field70: 0
  Field74: 0
  Field78: 0
  Field7C: 0
  Field80: 0
  Field84: 0
  Field88: 0
  Version: 17846384
GlowMap: 
NightMap: 
DetailMap: 
ShadowMap: &o4 !TextureMap
  ResourceType: TextureMap
  Name: black.dds
  Field44: 0
  Field48: 1
  Field49: 1
  Field4A: 0
  Field4B: 0
  Field4C: 1
  Field50: -0
  Field54: 0
  Field58: 0
  Field5C: 0
  Field60: 1
  Field64: 0
  Field68: 0
  Field6C: 0
  Field70: 0
  Field74: 0
  Field78: 0
  Field7C: 0
  Field80: 0
  Field84: 0
  Field88: 0
  Version: 17846384
TextureMaps:
- *o1
- 
- *o2
- 
- *o3
- 
- 
- 
- *o4
Attributes:
- !MaterialAttributeType2
  Field0C: 0
  Field10: 110
  ResourceType: MaterialAttribute
  RawFlags: 65538
  Flags: Bit0
  AttributeType: Type2
  Version: 17846384
- !MaterialAttributeType0
  Color:
    X: 0.98039227724075317
    Y: 0.98039227724075317
    Z: 0.98039227724075317
    W: 0.39215689897537231
  Field1C: 0.85000002384185791
  Field20: 14
  Field24: 0.60000002384185791
  Field28: 0.6600000262260437
  Field2C: 4.8499999046325684
  Type0Flags: 77
  ResourceType: MaterialAttribute
  RawFlags: 65536
  Flags: Bit0
  AttributeType: Type0
  Version: 17846384
IsPresetMaterial: false
Version: 17846384
